   0.0000000e+00
  -1.0380000e-01
  -8.9300000e-02
  -6.1200000e-02
  -2.8100000e-02
   1.6800000e-02
   6.1700000e-02
   8.7500000e-02
   1.1320000e-01
   1.0570000e-01
   8.4000000e-02
   6.2300000e-02
   1.3000000e-02
  -3.9300000e-02
  -7.9600000e-02
  -1.1860000e-01
  -1.3050000e-01
  -1.2430000e-01
  -1.0090000e-01
  -3.7600000e-02
   8.1000000e-03
   4.7700000e-02
   7.0100000e-02
   9.2500000e-02
   9.4400000e-02
   8.2600000e-02
   7.0800000e-02
   5.3000000e-03
  -6.0200000e-02
  -1.0630000e-01
  -1.3300000e-01
  -1.6590000e-01
  -2.0040000e-01
  -2.3510000e-01
  -2.7070000e-01
  -2.3020000e-01
  -6.1500000e-02
   9.8100000e-02
   1.7960000e-01
   2.2970000e-01
   2.5600000e-01
   2.3230000e-01
   1.9630000e-01
   1.6020000e-01
   7.0200000e-02
  -1.5000000e-02
  -8.2600000e-02
  -8.8600000e-02
  -9.4600000e-02
  -7.6300000e-02
  -3.8900000e-02
  -4.9100000e-02
  -2.3000000e-03
   7.2400000e-02
   1.0700000e-01
   1.1460000e-01
   9.5200000e-02
   7.0900000e-02
   2.6600000e-02
  -2.6200000e-02
  -8.7500000e-02
  -1.2510000e-01
  -1.2030000e-01
  -6.1000000e-02
   1.2900000e-02
   1.0860000e-01
   1.9240000e-01
   2.7110000e-01
   1.0380000e-01
   9.3300000e-02
   8.2800000e-02
   2.9200000e-02
  -6.7400000e-02
  -8.4000000e-02
  -2.6200000e-02
  -1.8800000e-02
  -1.6600000e-02
  -6.0900000e-02
  -8.7500000e-02
  -8.7600000e-02
  -2.8200000e-02
   6.1200000e-02
   1.1050000e-01
   8.3900000e-02
  -5.6700000e-02
  -1.9230000e-01
  -1.9990000e-01
  -2.0750000e-01
  -2.5990000e-01
  -2.9660000e-01
  -2.9670000e-01
  -1.5750000e-01
   3.8900000e-02
   2.6900000e-01
   4.4960000e-01
   4.6810000e-01
   3.7860000e-01
   2.8910000e-01
   1.8700000e-01
  -2.9400000e-02
  -6.9500000e-02
  -7.3600000e-02
  -7.3600000e-02
  -7.0600000e-02
  -6.5400000e-02
  -6.0300000e-02
  -2.2400000e-02
   2.9500000e-02
   2.4100000e-02
  -5.9000000e-03
  -5.7800000e-02
  -1.1900000e-01
  -1.9000000e-03
   1.0440000e-01
   2.1480000e-01
   3.4190000e-01
   2.2540000e-01
  -1.5100000e-02
  -2.1800000e-01
  -1.6600000e-01
  -1.2090000e-01
  -1.3860000e-01
  -1.3860000e-01
  -1.1210000e-01
  -2.9700000e-02
   2.9100000e-02
  -2.3200000e-02
  -1.6350000e-01
  -2.5360000e-01
  -2.9710000e-01
  -2.5260000e-01
  -2.0810000e-01
  -1.6280000e-01
  -1.1760000e-01
  -1.4500000e-02
   1.2970000e-01
   2.4540000e-01
   2.6110000e-01
   2.7690000e-01
   2.3590000e-01
   1.5720000e-01
   2.7100000e-02
  -2.0000000e-04
   1.9000000e-02
   1.3600000e-02
  -2.8400000e-02
   1.0000000e-04
   2.8600000e-02
   8.0800000e-02
   1.6860000e-01
   2.2660000e-01
   2.7190000e-01
   2.3370000e-01
   7.0300000e-02
  -4.4400000e-02
  -8.5900000e-02
  -1.2740000e-01
  -1.5740000e-01
  -1.8620000e-01
  -2.1740000e-01
  -2.5430000e-01
  -2.4850000e-01
  -1.4310000e-01
   1.0720000e-01
   3.0080000e-01
   4.2860000e-01
   5.5580000e-01
   3.3650000e-01
   4.1400000e-02
  -1.9250000e-01
  -1.5360000e-01
  -1.1480000e-01
  -3.0610000e-01
  -3.6580000e-01
  -3.3790000e-01
  -3.0990000e-01
  -1.6840000e-01
   1.3440000e-01
   2.4360000e-01
   9.4800000e-02
  -3.8500000e-02
  -1.4830000e-01
  -2.4380000e-01
  -2.1010000e-01
  -1.7640000e-01
  -1.4280000e-01
  -1.0720000e-01
  -5.4700000e-02
   1.5500000e-02
   1.1220000e-01
   1.9120000e-01
   2.6270000e-01
   3.1750000e-01
   3.4720000e-01
   3.6510000e-01
   3.6530000e-01
   2.4940000e-01
   8.3700000e-02
  -3.5100000e-02
  -1.5390000e-01
  -1.0210000e-01
  -5.0300000e-02
  -3.7200000e-02
  -8.2000000e-02
  -9.4600000e-02
  -5.9100000e-02
  -9.5200000e-02
  -1.6190000e-01
  -6.9200000e-02
   6.7700000e-02
  -2.7000000e-03
  -1.0970000e-01
  -1.7460000e-01
  -2.3960000e-01
  -2.5430000e-01
  -2.6900000e-01
  -9.5400000e-02
   1.9249000e-01
   2.8210000e-01
   2.9280000e-01
   2.2460000e-01
   1.5640000e-01
   3.4000000e-03
  -2.1750000e-01
  -2.9570000e-01
  -2.6890000e-01
  -3.5210000e-01
  -4.2560000e-01
  -4.7700000e-01
  -4.6030000e-01
  -1.7120000e-01
   7.3700000e-02
   2.7450000e-01
   4.1040000e-01
   2.8740000e-01
   1.7060000e-01
   2.1770000e-01
   3.7400000e-01
   5.2620000e-01
   4.5850000e-01
   1.3361000e-01
  -2.1879000e-01
  -3.0600000e-01
  -1.7160000e-01
  -3.7300000e-02
   1.0310000e-01
   1.4210000e-01
  -4.3200000e-02
   3.8800000e-02
   1.5850000e-01
   2.1720000e-01
   2.6200000e-01
   2.5680000e-01
   1.3480000e-01
  -3.2000000e-03
  -8.8500000e-02
  -7.8400000e-02
  -6.8400000e-02
  -8.6000000e-02
  -1.6840000e-01
  -2.3590000e-01
  -2.6650000e-01
  -1.0020000e-01
   3.4200000e-02
   1.2070000e-01
   2.0730000e-01
   7.1800000e-02
   2.8800000e-02
   2.0790000e-01
   2.4940000e-01
   2.5130000e-01
   1.5520000e-01
   3.8000000e-02
  -1.6370000e-01
  -1.7610000e-01
  -1.4100000e-01
  -1.2520000e-01
  -1.8660000e-01
  -2.3550000e-01
  -2.7210000e-01
  -2.7250000e-01
  -2.3680000e-01
  -1.7260000e-01
  -1.0120000e-01
   1.2900000e-02
   1.6990000e-01
   2.7930000e-01
   3.4110000e-01
   4.0300000e-01
   3.3870000e-01
   1.9030000e-01
   2.6420000e-01
   3.2770000e-01
   1.5340000e-01
   7.9100000e-02
   2.2790000e-01
   3.0170000e-01
   2.6290000e-01
   2.1690000e-01
   1.0530000e-01
  -2.4900000e-02
  -3.6720000e-01
  -6.0550000e-01
  -7.5440000e-01
  -6.0590000e-01
  -3.1850000e-01
  -1.5210000e-01
  -1.1860000e-01
  -1.8180000e-01
  -2.4490000e-01
  -1.9020000e-01
  -8.5000000e-02
  -5.3600000e-02
  -1.1740000e-01
  -2.6640000e-01
  -5.0229000e-01
  -6.9380000e-01
  -8.1080000e-01
  -8.1100000e-01
  -7.4410000e-01
  -6.7760000e-01
  -6.1150000e-01
  -5.4730000e-01
  -5.2650000e-01
  -6.0540000e-01
  -6.7900000e-01
  -7.4910000e-01
  -5.8510000e-01
  -4.8800000e-01
  -4.1410000e-01
  -5.3090000e-01
  -6.9380000e-01
  -9.2470000e-01
  -1.0046000e+00
  -1.0567000e+00
  -1.0723000e+00
  -1.0879000e+00
  -1.1190000e+00
  -1.1857000e+00
  -1.2501000e+00
  -1.0943000e+00
  -8.5831000e-01
  -6.0531000e-01
  -3.5721000e-01
  -1.4581000e-01
  -6.8400000e-02
   8.9000000e-03
   3.3210000e-01
   6.8680000e-01
   1.0582000e+00
   1.2444000e+00
   1.3585000e+00
   1.2397000e+00
   1.0923000e+00
   9.2580000e-01
   7.5980000e-01
   6.1200000e-01
   5.3700000e-01
   3.9330000e-01
   2.8030000e-01
   4.5480000e-01
   7.4220000e-01
   9.3450000e-01
   1.0796000e+00
   1.1671000e+00
   1.0447000e+00
   9.0540000e-01
   7.4920000e-01
   5.7910000e-01
   3.8830000e-01
   2.9130000e-01
   1.9420000e-01
   1.7010000e-01
   1.4600000e-01
   1.2190000e-01
   5.5300000e-02
  -5.0800000e-02
  -6.7800000e-02
  -8.4800000e-02
  -7.6600000e-02
  -6.2100000e-02
  -1.3650000e-01
  -2.3300000e-01
  -4.4730000e-01
  -6.2480000e-01
  -7.8950000e-01
  -9.4940000e-01
  -9.2880000e-01
  -6.3441000e-01
  -2.2271000e-01
   6.3308000e-01
   1.7261700e+00
   2.7629800e+00
   3.3709900e+00
   3.6642900e+00
   3.4055100e+00
   3.1468100e+00
   2.7379000e+00
   2.2776000e+00
   1.7968000e+00
   1.3160000e+00
   8.7132000e-01
   3.9640000e-01
  -1.2218000e-01
  -5.7960000e-01
  -1.0129800e+00
  -1.3394000e+00
  -1.4617900e+00
  -1.5539000e+00
  -1.5753000e+00
  -1.5968000e+00
  -1.6769000e+00
  -1.8156000e+00
  -2.2176000e+00
  -2.4632000e+00
  -2.6180000e+00
  -2.5950000e+00
  -2.2657000e+00
  -1.8128000e+00
  -1.2841000e+00
  -6.5540000e-01
  -6.8400000e-02
   4.1200000e-01
   8.1600000e-01
   9.6210000e-01
   1.0622000e+00
   1.2750900e+00
   1.4570000e+00
   1.5242000e+00
   1.1504000e+00
   3.8044000e-01
  -3.7300000e-02
  -1.7469000e-01
  -2.9740000e-01
  -2.8860000e-01
  -3.4300000e-01
  -4.8680000e-01
  -6.0920000e-01
  -7.1010000e-01
  -7.8950000e-01
  -5.7990000e-01
  -3.7040000e-01
  -1.0150000e-01
   1.8230000e-01
   5.9290000e-01
   8.3150000e-01
   1.0450000e+00
   1.2998000e+00
   1.5823000e+00
   1.8741000e+00
   2.1709000e+00
   2.4572900e+00
   2.6370000e+00
   2.7709900e+00
   2.5898000e+00
   1.0263700e+00
  -1.5600000e-01
  -7.3787000e-01
  -8.4950000e-01
  -6.2591000e-01
  -3.2440000e-01
  -2.8890000e-01
  -7.1540000e-01
  -1.0580000e+00
  -1.1803000e+00
  -1.2583000e+00
  -1.2324000e+00
  -1.2066000e+00
  -1.1648000e+00
  -1.0993000e+00
  -1.0337000e+00
  -9.6810000e-01
  -6.3360000e-01
  -2.9910000e-01
  -2.0180000e-01
  -1.0450000e-01
   4.3190000e-02
   2.6680000e-01
   1.7030000e-01
   6.1400000e-02
  -7.6390000e-02
   3.4000000e-03
   1.0740000e-01
   3.4540000e-01
   5.9839000e-01
   7.4270000e-01
   8.1600000e-01
   3.5890000e-01
  -1.8730000e-01
  -6.8870000e-01
  -9.9650000e-01
  -1.1173000e+00
  -1.0431000e+00
  -8.9420000e-01
  -7.4520000e-01
  -4.8020000e-01
  -1.4260000e-01
   2.8440000e-01
   7.0050000e-01
   1.0190000e+00
   1.2936000e+00
   1.4783900e+00
   1.4975000e+00
   1.5166000e+00
   1.6041000e+00
   1.3831100e+00
   7.9020000e-01
   3.0640000e-02
  -5.6800000e-01
  -8.5719000e-01
  -1.0673000e+00
  -1.2420900e+00
  -1.4105000e+00
  -1.5220000e+00
  -1.6298000e+00
  -1.7043000e+00
  -1.7915000e+00
  -1.9927000e+00
  -2.1651000e+00
  -2.2945000e+00
  -2.0866000e+00
  -1.6226000e+00
  -4.5790000e-01
   2.4780000e-01
   7.4360000e-01
   1.1006000e+00
   1.4575800e+00
   1.5397000e+00
   1.6217000e+00
   1.8105000e+00
   1.9993900e+00
   2.2061000e+00
   2.4396900e+00
   2.6740000e+00
   2.4997100e+00
   1.4878000e+00
  -1.6412000e-01
  -6.2580000e-01
  -6.7020000e-01
  -2.2360000e-01
   7.4200000e-02
   3.3470000e-01
   2.9160000e-01
   1.7260000e-01
   2.0240000e-01
   2.6940000e-01
   1.8160000e-01
   5.5200000e-02
  -1.3810000e-01
  -3.4800000e-01
  -5.5640000e-01
  -7.1929000e-01
  -4.7090000e-01
  -1.8361000e-01
   1.7520000e-01
   4.5629000e-01
   6.4100000e-01
   6.8100000e-01
   7.2100000e-01
   8.0690000e-01
   9.0420000e-01
   8.7060000e-01
   3.9060000e-01
   2.6720000e-02
  -2.7830000e-01
  -5.0570000e-01
  -5.8010000e-01
  -6.5440000e-01
  -7.2880000e-01
  -8.3220000e-01
  -9.3570000e-01
  -1.2794000e+00
  -1.5574000e+00
  -1.7793000e+00
  -1.8758000e+00
  -1.8666000e+00
  -1.6991100e+00
  -1.5316000e+00
  -1.3410100e+00
  -1.0585000e+00
  -8.0621000e-01
  -6.7460000e-01
  -5.4301000e-01
  -3.8240000e-01
  -2.0241000e-01
  -1.7800000e-02
   1.7569000e-01
   2.8570000e-01
   3.9569000e-01
   6.3220000e-01
   9.0020000e-01
   1.0502000e+00
   1.1707000e+00
   1.3310000e+00
   1.5084000e+00
   1.6823000e+00
   1.8254000e+00
   1.9685000e+00
   1.8979000e+00
   1.6136000e+00
   1.2953000e+00
   8.4142000e-01
   4.0300000e-01
   2.7420000e-02
  -3.0560000e-01
  -2.5420000e-01
  -2.0280000e-01
  -1.7010000e-01
  -2.1270000e-01
  -2.5520000e-01
  -2.9780000e-01
  -1.8401000e-01
   1.0700000e-02
   2.3789000e-01
   4.4340000e-01
   5.6250000e-01
   6.3240000e-01
   5.0590000e-01
   2.9960000e-01
  -2.2640000e-01
  -6.6030000e-01
  -1.0548000e+00
  -1.4297000e+00
  -1.7217000e+00
  -1.7151000e+00
  -1.7086000e+00
  -1.6334000e+00
  -1.5335000e+00
  -1.2805100e+00
  -1.0230000e+00
  -7.2591000e-01
  -5.9200000e-01
  -5.2810000e-01
  -5.3360000e-01
  -5.8530000e-01
  -6.2830000e-01
  -6.5090000e-01
  -6.7360000e-01
  -5.9360000e-01
  -4.6970000e-01
  -1.2830000e-01
   3.4150000e-01
   6.5910000e-01
   8.4760000e-01
   9.4500000e-01
   1.0424000e+00
   1.0166000e+00
   8.6760000e-01
   7.0230000e-01
   5.2070000e-01
   5.6110000e-01
   6.8049000e-01
   7.6870000e-01
   6.7180000e-01
   5.7490000e-01
   5.1030000e-01
   4.5380000e-01
   3.9730000e-01
   4.9930000e-01
   6.1879000e-01
   6.2520000e-01
   6.1900000e-01
   6.5640000e-01
   6.5570000e-01
   5.3270000e-01
   4.0971000e-01
   2.2420000e-01
  -2.3800000e-02
  -1.8720000e-01
  -3.5070000e-01
  -4.4170000e-01
  -5.0420000e-01
  -4.5260000e-01
  -4.0100000e-01
  -3.7650000e-01
  -3.6990000e-01
  -4.0800000e-01
  -5.5060000e-01
  -6.9309000e-01
  -1.2020000e+00
  -1.5311800e+00
  -1.7081000e+00
  -1.8196900e+00
  -1.7849000e+00
  -1.4083200e+00
  -1.0318000e+00
  -6.5532000e-01
  -1.5310000e-01
   2.7548000e-01
   5.1650000e-01
   5.3110000e-01
   5.4570000e-01
   5.5210000e-01
   4.8530000e-01
   4.1850000e-01
   3.9290000e-01
   5.3230000e-01
   6.7280000e-01
   8.1390000e-01
   8.2700000e-01
   7.8520000e-01
   7.4340000e-01
   6.9320000e-01
   6.3450000e-01
   5.7590000e-01
   5.1730000e-01
   5.9460000e-01
   7.0259000e-01
   7.9210000e-01
   7.1230000e-01
   5.1940000e-01
   3.9531000e-01
   2.7880000e-01
   1.4631000e-01
   2.9000000e-03
  -1.4049000e-01
  -2.8250000e-01
  -4.2390000e-01
  -5.0100000e-01
  -5.5040000e-01
  -5.4460000e-01
  -5.0210000e-01
  -4.5950000e-01
  -4.8820000e-01
  -5.3460000e-01
  -5.8110000e-01
  -6.1270000e-01
  -6.3440000e-01
  -6.5610000e-01
  -6.5390000e-01
  -5.5620000e-01
  -4.5860000e-01
  -3.2081000e-01
  -8.9700000e-02
   1.5379000e-01
   3.9610000e-01
   5.1619000e-01
   6.3620000e-01
   7.8179000e-01
   9.5290000e-01
   1.0561000e+00
   1.0915000e+00
   9.6411000e-01
   7.9590000e-01
   6.5890000e-01
   5.5330000e-01
   4.4760000e-01
   3.4190000e-01
   2.3600000e-01
   1.3000000e-01
   2.4000000e-02
  -8.8790000e-02
  -2.0240000e-01
  -3.1599000e-01
  -4.3250000e-01
  -5.7459000e-01
  -7.1660000e-01
  -7.0750000e-01
  -6.6060000e-01
  -6.1360000e-01
  -5.8850000e-01
  -6.1450000e-01
  -6.4050000e-01
  -5.3041000e-01
  -4.2030000e-01
  -4.1030000e-01
  -4.4320000e-01
  -4.7600000e-01
  -4.8250000e-01
  -4.8890000e-01
  -4.5440000e-01
  -4.0230000e-01
  -3.5160000e-01
  -3.1540000e-01
  -3.3480000e-01
  -3.5430000e-01
  -3.5620000e-01
  -3.5610000e-01
  -3.2510000e-01
  -2.7360000e-01
  -2.2220000e-01
  -2.0140000e-01
  -1.9380000e-01
  -1.0080000e-01
   2.8890000e-02
   1.4950000e-01
   2.5649000e-01
   3.6350000e-01
   4.4070000e-01
   3.9920000e-01
   3.5050000e-01
   2.9110000e-01
   2.9050000e-01
   3.7830000e-01
   4.4390000e-01
   4.9990000e-01
   5.5590000e-01
   5.3010000e-01
   4.2250000e-01
   2.7120000e-01
   9.2900000e-02
  -1.0500000e-01
  -1.6239000e-01
  -1.8480000e-01
  -9.8000000e-02
   1.6100000e-02
   1.3019000e-01
   2.2470000e-01
   3.1430000e-01
   3.8340000e-01
   4.4729000e-01
   3.9870000e-01
   3.0180000e-01
   2.2890000e-01
   1.9200000e-01
   1.5500000e-01
   1.2930000e-01
   1.0350000e-01
   8.1100000e-02
   8.8500000e-02
   9.6000000e-02
   1.0340000e-01
   1.1080000e-01
   9.5400000e-02
   8.0000000e-02
   6.4600000e-02
   4.1200000e-02
  -1.3790000e-02
  -6.8900000e-02
  -1.0340000e-01
  -1.1730000e-01
  -1.3130000e-01
  -1.3720000e-01
  -1.2460000e-01
  -1.1200000e-01
  -1.0130000e-01
  -9.0900000e-02
  -8.0400000e-02
  -3.9200000e-02
  -4.8000000e-03
   2.2000000e-03
   9.1000000e-03
   1.6000000e-02
   2.3000000e-02
   2.0700000e-02
   1.6200000e-02
   1.1600000e-02
   3.5800000e-02
   7.9000000e-02
   1.2230000e-01
   1.6560000e-01
   1.1000000e-01
   2.9710000e-02
  -6.5200000e-02
  -1.8230000e-01
  -2.2870000e-01
  -2.7510000e-01
  -3.2160000e-01
  -3.7540000e-01
  -4.3110000e-01
  -4.5320000e-01
  -4.2500000e-01
  -3.9670000e-01
  -3.6850000e-01
  -3.4030000e-01
  -3.0340000e-01
  -1.8860000e-01
  -7.3900000e-02
   4.5490000e-02
   1.6950000e-01
   2.5890000e-01
   3.3340000e-01
   4.0790000e-01
   4.0000000e-01
   3.0970000e-01
   1.6790000e-01
  -2.6500000e-02
  -1.1819000e-01
  -1.1560000e-01
  -1.8500000e-02
   7.9100000e-02
   1.7859000e-01
   2.4490000e-01
   2.9700000e-01
   2.7710000e-01
   2.2630000e-01
   1.7550000e-01
   7.9900000e-02
  -6.0500000e-02
  -1.3749000e-01
  -1.5820000e-01
  -6.2400000e-02
   6.2700000e-02
   1.9499000e-01
   2.8020000e-01
   2.8740000e-01
   2.4270000e-01
   1.9800000e-01
   1.5120000e-01
   9.9300000e-02
   3.6200000e-02
  -5.3100000e-02
  -1.2619000e-01
  -1.6130000e-01
  -1.7170000e-01
  -8.3500000e-02
   4.7900000e-03
   9.3100000e-02
   2.0320000e-01
   3.1340000e-01
   4.1089000e-01
   5.0290000e-01
   5.7740000e-01
   4.9320000e-01
   4.0901000e-01
   3.4570000e-01
   2.8760000e-01
   2.5010000e-01
   2.3340000e-01
   2.1660000e-01
   1.6850000e-01
   1.1690000e-01
   5.1600000e-02
  -2.2800000e-02
  -1.0170000e-01
  -1.9850000e-01
  -2.9530000e-01
  -3.4560000e-01
  -3.9060000e-01
  -3.9630000e-01
  -3.7580000e-01
  -3.5530000e-01
  -3.6090000e-01
  -3.7770000e-01
  -3.9230000e-01
  -3.8740000e-01
  -3.8260000e-01
  -3.7780000e-01
  -3.1830000e-01
  -2.5281000e-01
  -1.8720000e-01
  -1.2170000e-01
  -7.3700000e-02
  -3.5800000e-02
  -5.0300000e-02
  -6.4700000e-02
  -7.9200000e-02
  -9.3700000e-02
  -5.6300000e-02
  -1.8800000e-02
   1.8600000e-02
   5.6000000e-02
   9.7400000e-02
   1.3890000e-01
   1.8030000e-01
   2.2180000e-01
   2.7380000e-01
   3.5040000e-01
   4.2710000e-01
   5.0370000e-01
   4.9270000e-01
   4.2320000e-01
   3.5370000e-01
   2.7800000e-01
   1.9821000e-01
   1.1830000e-01
   1.0300000e-01
   8.7600000e-02
   7.2800000e-02
   6.3000000e-02
   5.3200000e-02
   2.7200000e-02
  -6.3490000e-02
  -1.5420000e-01
  -1.8620000e-01
  -2.1170000e-01
  -2.5260000e-01
  -3.0380000e-01
  -3.5500000e-01
  -3.5270000e-01
  -3.2760000e-01
  -2.8660000e-01
  -2.2450000e-01
  -1.6240000e-01
  -1.3340000e-01
  -1.1840000e-01
  -1.0350000e-01
  -1.0100000e-01
  -1.0160000e-01
  -1.0220000e-01
  -1.0720000e-01
  -1.1510000e-01
  -1.2300000e-01
  -1.3090000e-01
  -1.1230000e-01
  -6.7300000e-02
  -2.2700000e-02
   1.9600000e-02
   6.1900000e-02
   1.0420000e-01
   1.0200000e-01
   3.2900000e-02
  -3.6090000e-02
  -7.7700000e-02
  -1.1250000e-01
  -1.3780000e-01
  -1.2510000e-01
  -1.1230000e-01
  -9.9500000e-02
  -6.5300000e-02
  -2.8600000e-02
   8.0000000e-03
   5.7000000e-03
  -1.3300000e-02
  -3.2300000e-02
  -6.3700000e-02
  -1.0760000e-01
  -1.4370000e-01
  -1.1000000e-01
  -7.6400000e-02
  -5.2300000e-02
  -3.7800000e-02
  -2.3400000e-02
   4.5000000e-03
   4.5900000e-02
   8.7200000e-02
   1.2800000e-01
   1.6750000e-01
   2.0700000e-01
   2.0400000e-01
   1.8300000e-01
   1.6190000e-01
   1.3540000e-01
   5.9800000e-02
   6.0900000e-02
   9.4700000e-02
   1.2860000e-01
   1.6240000e-01
   1.7190000e-01
   1.7540000e-01
   1.7880000e-01
   1.8230000e-01
   1.5980000e-01
   1.3730000e-01
   1.5640000e-01
   1.7560000e-01
   1.9480000e-01
   1.5710000e-01
   1.1940000e-01
   8.1700000e-02
   7.3800000e-02
   7.3300000e-02
   7.2800000e-02
   8.2500000e-02
   1.1590000e-01
   1.4930000e-01
   1.8270000e-01
   2.1600000e-01
   1.5780000e-01
   8.9400000e-02
   4.3100000e-02
   1.8800000e-02
  -5.6000000e-03
  -2.9900000e-02
  -5.3300000e-02
  -6.8100000e-02
  -8.3000000e-02
  -9.7800000e-02
  -1.1270000e-01
  -8.6100000e-02
  -5.9500000e-02
  -3.2900000e-02
  -6.3000000e-03
  -8.6000000e-03
  -3.0200000e-02
  -5.1800000e-02
  -6.9900000e-02
  -5.6600000e-02
  -4.3300000e-02
  -3.0000000e-02
  -4.3000000e-02
  -5.9000000e-02
  -7.4900000e-02
  -9.2400000e-02
  -1.2370000e-01
  -1.5500000e-01
  -1.8930000e-01
  -2.2500000e-01
  -2.6070000e-01
  -2.9640000e-01
  -3.0550000e-01
  -3.1170000e-01
  -2.9950000e-01
  -2.4431000e-01
  -1.8900000e-01
  -1.3160000e-01
  -5.3900000e-02
   2.3790000e-02
   8.6500000e-02
   1.4910000e-01
   1.7020000e-01
   1.2870000e-01
   8.7300000e-02
   4.3800000e-02
  -1.8000000e-03
  -3.0400000e-02
   9.2000000e-03
   4.8800000e-02
   6.0100000e-02
   5.2300000e-02
   4.4700000e-02
   3.7000000e-02
   2.0200000e-02
  -5.6000000e-03
  -3.1400000e-02
  -5.7200000e-02
  -2.9500000e-02
  -1.7000000e-03
   2.6000000e-02
   5.0800000e-02
   6.8700000e-02
   8.6600000e-02
   1.0460000e-01
   1.1310000e-01
   8.3900000e-02
   5.4700000e-02
   2.7400000e-02
   1.4000000e-03
  -1.5000000e-03
   4.9500000e-02
   1.0050000e-01
   1.4130000e-01
   1.6660000e-01
   1.8560000e-01
   1.4800000e-01
   1.1040000e-01
   7.2800000e-02
   3.3900000e-02
  -1.7400000e-02
  -6.8700000e-02
  -1.1990000e-01
  -1.3380000e-01
  -1.4350000e-01
  -1.5320000e-01
  -1.6840000e-01
  -1.8590000e-01
  -2.0350000e-01
  -2.2100000e-01
  -2.2540000e-01
  -2.1020000e-01
  -1.9500000e-01
  -1.7980000e-01
  -1.5660000e-01
  -1.2800000e-01
  -9.9500000e-02
  -3.0900000e-02
   3.7690000e-02
   1.0190000e-01
   1.4820000e-01
   1.9440000e-01
   2.4070000e-01
   1.8010000e-01
   1.1950000e-01
   5.8900000e-02
   9.9000000e-03
  -3.6200000e-02
  -7.6100000e-02
  -9.1300000e-02
  -1.0660000e-01
  -1.2190000e-01
  -1.3230000e-01
  -1.2320000e-01
  -1.1410000e-01
  -1.0500000e-01
  -1.0970000e-01
  -1.1440000e-01
  -1.1910000e-01
  -1.0690000e-01
  -8.3500000e-02
  -6.0000000e-02
  -3.6600000e-02
  -4.8000000e-03
   2.9200000e-02
   5.1600000e-02
   2.8000000e-02
   4.3000000e-03
  -1.9400000e-02
   1.9000000e-02
   5.7500000e-02
   9.6000000e-02
   1.5480000e-01
   2.1600000e-01
   2.7710000e-01
   2.5570000e-01
   2.3430000e-01
   2.1300000e-01
   1.6320000e-01
   8.5210000e-02
   1.5800000e-02
  -1.8600000e-02
  -5.3100000e-02
  -6.7000000e-02
  -6.7200000e-02
  -6.7400000e-02
  -6.7700000e-02
  -6.7900000e-02
  -7.2100000e-02
  -8.2300000e-02
  -9.2500000e-02
  -1.0270000e-01
  -1.1290000e-01
  -1.1320000e-01
  -1.1340000e-01
  -1.1360000e-01
  -1.0740000e-01
  -9.9600000e-02
  -9.1800000e-02
  -8.4000000e-02
  -7.6200000e-02
  -7.4900000e-02
  -8.9100000e-02
  -1.0320000e-01
  -1.1740000e-01
  -1.3160000e-01
  -1.4570000e-01
  -1.0270000e-01
  -5.9800000e-02
  -1.6800000e-02
   2.1300000e-02
   3.9500000e-02
   5.7800000e-02
   7.6000000e-02
   1.1310000e-01
   1.5010000e-01
   1.8710000e-01
   2.0220000e-01
   2.1180000e-01
   2.2140000e-01
   2.3110000e-01
   2.3100000e-01
   1.9230000e-01
   1.5370000e-01
   1.3300000e-01
   1.3040000e-01
   1.2780000e-01
   1.2520000e-01
   1.2260000e-01
   1.2000000e-01
   1.1160000e-01
   9.4600000e-02
   7.7600000e-02
   6.0600000e-02
   6.5700000e-02
   7.3200000e-02
   8.0700000e-02
   7.9100000e-02
  -4.4900000e-03
  -8.8100000e-02
  -1.7160000e-01
  -1.3430000e-01
  -8.3600000e-02
  -3.2900000e-02
   1.2900000e-02
   5.1300000e-02
   8.9700000e-02
   5.3300000e-02
  -1.5300000e-02
  -7.8700000e-02
  -9.6000000e-02
  -1.1330000e-01
  -1.3050000e-01
  -1.2430000e-01
  -1.0240000e-01
  -8.0600000e-02
  -5.8700000e-02
  -4.4700000e-02
  -3.8400000e-02
  -3.2100000e-02
  -2.5800000e-02
  -1.9500000e-02
   7.7000000e-03
   4.0100000e-02
   7.2500000e-02
   9.7100000e-02
   1.1650000e-01
   1.3590000e-01
   1.5530000e-01
   1.5660000e-01
   1.5330000e-01
   1.5000000e-01
   1.4680000e-01
   1.4080000e-01
   1.1050000e-01
   8.0200000e-02
   4.9900000e-02
   1.9600000e-02
  -1.2500000e-02
  -4.5300000e-02
  -7.8200000e-02
  -1.1930000e-01
  -1.6860000e-01
  -2.1790000e-01
  -1.8710000e-01
  -1.3620000e-01
  -8.5300000e-02
  -2.9310000e-02
   3.0190000e-02
   8.9000000e-02
   1.4730000e-01
   1.5890000e-01
   1.5890000e-01
   1.5800000e-01
   1.5360000e-01
   1.4930000e-01
   1.4500000e-01
   1.3180000e-01
   1.1470000e-01
   9.7600000e-02
   8.0600000e-02
   6.0900000e-02
   3.5200000e-02
   9.6000000e-03
   9.6000000e-03
   9.5000000e-03
   4.1000000e-03
  -5.0100000e-02
  -1.0439000e-01
  -1.5859000e-01
  -1.8760000e-01
  -2.1020000e-01
  -2.3280000e-01
  -2.5540000e-01
  -2.6120000e-01
  -1.9940000e-01
  -1.3770000e-01
  -9.9000000e-02
  -1.1400000e-01
  -1.2900000e-01
  -1.3180000e-01
  -1.0610000e-01
  -8.0500000e-02
  -5.4900000e-02
  -3.3800000e-02
  -3.1100000e-02
  -2.8300000e-02
  -2.5600000e-02
  -2.2800000e-02
  -2.0100000e-02
  -3.1800000e-02
  -4.9800000e-02
  -6.7800000e-02
  -8.5700000e-02
  -1.0370000e-01
  -8.3000000e-02
  -4.5700000e-02
  -8.4000000e-03
   2.8900000e-02
   6.9800000e-02
   1.1220000e-01
   1.1680000e-01
   9.6200000e-02
   7.5500000e-02
   5.4900000e-02
   4.9800000e-02
   8.0800000e-02
   1.1190000e-01
   1.4800000e-01
   1.9140000e-01
   2.3480000e-01
   1.5440000e-01
   7.4100000e-02
   9.5000000e-03
  -3.1400000e-02
  -7.2400000e-02
  -7.5900000e-02
  -4.1900000e-02
  -8.0000000e-03
   2.5900000e-02
   5.5000000e-02
   4.0000000e-02
   2.5000000e-02
   9.9000000e-03
  -5.1000000e-03
  -1.8000000e-02
  -2.2600000e-02
  -2.7200000e-02
  -3.1800000e-02
  -3.6400000e-02
  -4.1000000e-02
  -4.5500000e-02
  -7.4100000e-02
  -1.0870000e-01
  -1.4330000e-01
  -1.7780000e-01
  -2.0480000e-01
  -1.6280000e-01
  -1.2080000e-01
  -7.8800000e-02
  -6.4800000e-02
  -5.4000000e-02
  -4.3100000e-02
  -1.6900000e-02
   2.6100000e-02
   7.7200000e-02
   1.2840000e-01
   1.4570000e-01
   8.3910000e-02
   2.2200000e-02
  -2.5100000e-02
  -5.0600000e-02
  -7.6100000e-02
  -6.7900000e-02
  -2.6100000e-02
   1.5800000e-02
   4.8200000e-02
   5.8600000e-02
   6.8900000e-02
   4.5300000e-02
  -2.9390000e-02
  -1.0400000e-01
  -1.2780000e-01
  -1.3900000e-01
  -1.3880000e-01
  -9.3000000e-02
  -4.7300000e-02
  -7.4000000e-03
   2.8400000e-02
   6.4300000e-02
   5.8500000e-02
   3.4800000e-02
   1.1200000e-02
  -1.2500000e-02
  -3.9200000e-02
  -7.3200000e-02
  -1.0720000e-01
  -1.4120000e-01
  -8.5800000e-02
  -8.0000000e-03
   5.1700000e-02
   9.3300000e-02
   1.3490000e-01
   1.5810000e-01
   1.3860000e-01
   1.1910000e-01
   9.9700000e-02
   8.8400000e-02
   8.5300000e-02
   8.2200000e-02
   7.9200000e-02
   7.6100000e-02
   6.9100000e-02
   5.9400000e-02
   4.9700000e-02
   4.0000000e-02
   3.0400000e-02
   2.0700000e-02
   8.5000000e-03
  -6.1000000e-03
  -2.0800000e-02
  -3.5400000e-02
  -3.8600000e-02
  -2.4700000e-02
  -1.0700000e-02
   3.2000000e-03
   1.3500000e-02
  -1.0000000e-02
  -3.3400000e-02
  -5.6800000e-02
  -7.2300000e-02
  -6.9200000e-02
  -6.6200000e-02
  -6.3100000e-02
  -6.0100000e-02
  -4.8900000e-02
  -2.5500000e-02
  -2.0000000e-03
   2.1400000e-02
   2.1100000e-02
   5.0000000e-03
  -1.1100000e-02
  -2.7200000e-02
  -4.3300000e-02
  -1.6200000e-02
   1.0800000e-02
   3.7800000e-02
   6.4900000e-02
   8.9300000e-02
   1.1190000e-01
   1.3450000e-01
   1.5710000e-01
   1.7970000e-01
   1.5050000e-01
   1.2140000e-01
   9.2300000e-02
   6.3100000e-02
   4.0900000e-02
   2.9100000e-02
   1.7300000e-02
   5.5000000e-03
  -6.3000000e-03
  -1.0000000e-02
  -1.5000000e-03
   6.9000000e-03
   1.5400000e-02
   2.3800000e-02
   3.2100000e-02
   3.9500000e-02
   4.6800000e-02
   5.4200000e-02
   6.1600000e-02
   6.8900000e-02
   7.2100000e-02
   3.7500000e-02
   2.8000000e-03
  -3.1800000e-02
  -6.6500000e-02
  -8.2700000e-02
  -9.4200000e-02
  -1.0580000e-01
  -1.1740000e-01
  -1.2890000e-01
  -1.4050000e-01
  -1.4850000e-01
  -1.5130000e-01
  -1.5400000e-01
  -1.5670000e-01
  -1.5950000e-01
  -1.6220000e-01
  -1.7150000e-01
  -1.8150000e-01
  -1.9150000e-01
  -1.8820000e-01
  -1.8500000e-01
  -1.8170000e-01
  -1.7850000e-01
  -1.4770000e-01
  -1.0510000e-01
  -6.2600000e-02
  -2.0100000e-02
   2.1700000e-02
   6.3600000e-02
   1.0550000e-01
   1.0550000e-01
   1.0550000e-01
   1.0550000e-01
   1.0550000e-01
   1.0550000e-01
   1.0210000e-01
   8.5300000e-02
   6.8500000e-02
   5.1600000e-02
   3.4800000e-02
   4.6400000e-02
   6.5200000e-02
   8.3900000e-02
   8.9100000e-02
   8.5100000e-02
   8.1200000e-02
   7.7200000e-02
   8.2400000e-02
   8.9900000e-02
   9.7400000e-02
   1.0490000e-01
   1.2330000e-01
   1.4450000e-01
   1.6560000e-01
   1.7170000e-01
   1.4270000e-01
   1.1370000e-01
   8.4600000e-02
   5.5600000e-02
   2.6600000e-02
  -2.4000000e-03
  -3.1500000e-02
  -6.0600000e-02
  -9.0300000e-02
  -1.2000000e-01
  -1.4970000e-01
  -1.6160000e-01
  -1.6160000e-01
  -1.6160000e-01
  -1.3630000e-01
  -1.1090000e-01
  -8.5500000e-02
  -6.0200000e-02
  -3.9900000e-02
  -2.0100000e-02
  -4.0000000e-04
   1.9900000e-02
   4.5300000e-02
   7.0800000e-02
   9.6200000e-02
   1.1020000e-01
   1.1660000e-01
   1.2300000e-01
   1.2930000e-01
   1.3570000e-01
   1.0520000e-01
   7.0500000e-02
   3.5900000e-02
   1.2000000e-03
  -2.8000000e-02
  -5.3500000e-02
  -7.9000000e-02
  -7.8800000e-02
  -6.7700000e-02
  -5.6100000e-02
  -4.0300000e-02
  -2.4500000e-02
  -8.7000000e-03
   4.5000000e-03
   1.1900000e-02
   1.9200000e-02
   2.6500000e-02
   2.6100000e-02
  -5.0000000e-03
  -3.6200000e-02
  -6.7400000e-02
  -9.8500000e-02
  -7.0800000e-02
  -3.6610000e-02
  -1.8200000e-02
  -3.6600000e-02
  -5.5100000e-02
  -7.0500000e-02
  -5.9000000e-02
  -4.7400000e-02
  -3.2200000e-02
  -1.3300000e-02
   5.6000000e-03
   2.4500000e-02
   4.3400000e-02
   6.2300000e-02
   6.2300000e-02
   6.2300000e-02
   6.2300000e-02
   6.2300000e-02
   6.2300000e-02
   5.0800000e-02
   2.7700000e-02
   4.6000000e-03
  -1.8500000e-02
  -4.1600000e-02
  -6.4700000e-02
  -6.3300000e-02
  -5.1300000e-02
  -3.9300000e-02
  -2.7300000e-02
  -1.5300000e-02
  -1.4300000e-02
  -1.8000000e-02
  -2.1800000e-02
  -2.5500000e-02
  -2.9100000e-02
  -3.2600000e-02
  -3.6100000e-02
  -3.9600000e-02
  -2.8300000e-02
   5.2000000e-03
   3.8700000e-02
   7.2200000e-02
   1.0829000e-01
   1.4829000e-01
   1.8830000e-01
   1.6310000e-01
   1.2150000e-01
   8.4700000e-02
   5.9300000e-02
   3.3900000e-02
   8.4000000e-03
   1.0300000e-02
   1.9000000e-02
   2.7600000e-02
   3.6300000e-02
   4.5000000e-02
   5.3700000e-02
   6.2400000e-02
   2.1300000e-02
  -1.9690000e-02
  -5.4190000e-02
  -2.9800000e-02
  -5.4000000e-03
   1.9100000e-02
   4.3500000e-02
   3.0700000e-02
   8.7000000e-03
  -1.3300000e-02
  -3.5400000e-02
  -5.7400000e-02
  -7.3500000e-02
  -8.0600000e-02
  -8.7800000e-02
  -9.4900000e-02
  -1.0200000e-01
  -1.0920000e-01
  -1.1200000e-01
  -7.5800000e-02
  -3.9600000e-02
  -3.3000000e-03
   2.6400000e-02
   4.6400000e-02
   6.6400000e-02
   8.6400000e-02
   1.0640000e-01
   1.1940000e-01
   1.0430000e-01
   8.9200000e-02
   7.4100000e-02
   5.9000000e-02
   4.4500000e-02
   3.1500000e-02
   1.8600000e-02
   5.6000000e-03
  -7.4000000e-03
  -2.0400000e-02
  -3.9100000e-02
  -6.1600000e-02
  -8.4100000e-02
  -1.0660000e-01
  -1.0100000e-01
  -7.6600000e-02
  -5.2300000e-02
  -2.8000000e-02
  -4.3000000e-02
  -6.2300000e-02
  -8.1700000e-02
  -1.0100000e-01
  -1.1180000e-01
  -1.0280000e-01
  -9.3700000e-02
  -8.3100000e-02
  -5.8700000e-02
  -3.4200000e-02
  -9.8000000e-03
   1.4600000e-02
  -6.2000000e-03
  -3.8390000e-02
  -7.0490000e-02
  -6.0000000e-02
  -4.9600000e-02
  -3.9100000e-02
  -2.8600000e-02
  -2.2200000e-02
  -1.7500000e-02
  -1.2800000e-02
  -2.5300000e-02
  -5.5100000e-02
  -8.4800000e-02
  -1.1460000e-01
  -1.1650000e-01
  -9.0700000e-02
  -6.4800000e-02
  -3.8900000e-02
  -1.3000000e-02
   1.2400000e-02
   3.7900000e-02
   6.3300000e-02
   7.5300000e-02
   6.7200000e-02
   5.9000000e-02
   5.0900000e-02
   4.2700000e-02
   3.4600000e-02
   3.4600000e-02
   3.4600000e-02
   3.4600000e-02
   3.4600000e-02
   3.2600000e-02
   1.2000000e-02
  -8.5000000e-03
  -2.9000000e-02
  -4.9500000e-02
  -7.0000000e-02
  -7.8400000e-02
  -5.8400000e-02
  -3.8400000e-02
  -1.8400000e-02
   2.0400000e-02
   7.1590000e-02
   1.2289000e-01
   1.3820000e-01
   9.9500000e-02
   6.0400000e-02
   1.7200000e-02
  -2.6000000e-02
  -6.9100000e-02
  -8.9300000e-02
  -5.5710000e-02
  -2.2100000e-02
   7.0000000e-03
   1.8800000e-02
   3.0500000e-02
   4.2200000e-02
   5.3900000e-02
   6.5700000e-02
   7.7400000e-02
   6.7300000e-02
   5.1800000e-02
   3.6300000e-02
   5.6500000e-02
   8.0700000e-02
   1.0490000e-01
   9.9300000e-02
   8.6300000e-02
   7.3300000e-02
   6.0200000e-02
   4.9800000e-02
   4.9800000e-02
   4.9800000e-02
   4.9800000e-02
   5.7900000e-02
   7.8200000e-02
   9.8500000e-02
   1.1870000e-01
   1.0210000e-01
   6.9600000e-02
   3.7100000e-02
   1.5700000e-02
   5.3000000e-03
  -5.0000000e-03
   1.0000000e-04
   1.5500000e-02
   3.1000000e-02
   4.6400000e-02
   6.1800000e-02
   8.3800000e-02
   1.0750000e-01
   1.3120000e-01
   1.5490000e-01
   1.3090000e-01
   1.0680000e-01
   8.2800000e-02
   6.8800000e-02
   7.8400000e-02
   8.7900000e-02
   9.7500000e-02
   1.0710000e-01
   8.2000000e-02
   4.2000000e-02
   2.0000000e-03
  -3.8000000e-02
  -7.8000000e-02
  -9.9600000e-02
  -1.0290000e-01
  -1.0610000e-01
  -1.0940000e-01
  -1.1260000e-01
  -1.3360000e-01
  -1.5640000e-01
  -1.7930000e-01
  -2.0220000e-01
  -2.2510000e-01
  -2.0320000e-01
  -1.6221000e-01
  -1.2121000e-01
  -8.0200000e-02
  -4.5000000e-02
  -1.2300000e-02
   2.0300000e-02
   5.3000000e-02
   6.0100000e-02
   5.0100000e-02
   4.0100000e-02
   3.0100000e-02
   2.0100000e-02
   1.0200000e-02
   3.9000000e-03
   3.0000000e-04
  -3.4000000e-03
  -7.1000000e-03
  -1.2700000e-02
  -1.8800000e-02
  -2.4900000e-02
  -3.1100000e-02
  -3.7200000e-02
  -7.3800000e-02
  -1.1380000e-01
  -1.3560000e-01
  -1.1490000e-01
  -9.4100000e-02
  -7.3400000e-02
  -5.2700000e-02
  -3.7700000e-02
  -2.2700000e-02
  -7.7000000e-03
   7.3000000e-03
  -1.1400000e-02
  -3.0200000e-02
  -4.8900000e-02
  -3.0500000e-02
  -2.9000000e-03
   2.4800000e-02
   5.2500000e-02
   6.6400000e-02
   6.6400000e-02
   6.6400000e-02
   6.6400000e-02
   7.4300000e-02
   8.5500000e-02
   9.6800000e-02
   1.0800000e-01
   9.3200000e-02
   6.7200000e-02
   4.1200000e-02
   1.5300000e-02
  -1.2000000e-02
  -3.9800000e-02
  -6.7600000e-02
  -7.5500000e-02
  -6.3400000e-02
  -5.1400000e-02
  -3.9300000e-02
  -2.7300000e-02
  -4.4000000e-02
  -7.9800000e-02
  -1.1570000e-01
  -1.0770000e-01
  -8.0900000e-02
  -5.4100000e-02
  -2.7310000e-02
  -5.1000000e-04
   4.2000000e-03
  -6.0000000e-04
  -5.4000000e-03
  -1.0300000e-02
  -1.5100000e-02
  -1.9900000e-02
   1.0000000e-04
   3.0790000e-02
   6.1490000e-02
   8.5000000e-02
   1.0660000e-01
   1.2830000e-01
   1.4990000e-01
   1.7160000e-01
   1.8400000e-01
   1.7500000e-01
   1.6600000e-01
   1.5710000e-01
   1.4810000e-01
   1.2470000e-01
   6.8000000e-02
   1.1200000e-02
  -4.5500000e-02
  -5.9000000e-02
  -6.7600000e-02
  -7.6300000e-02
  -8.4900000e-02
  -9.3600000e-02
  -7.9300000e-02
  -5.5300000e-02
  -3.1300000e-02
  -7.3000000e-03
   1.6700000e-02
   3.1100000e-02
   4.1300000e-02
   5.1600000e-02
   6.1800000e-02
   6.3700000e-02
   5.2900000e-02
   4.2200000e-02
   3.1500000e-02
   1.2800000e-02
  -2.4400000e-02
  -6.1700000e-02
  -9.8900000e-02
  -1.2780000e-01
  -1.3720000e-01
  -1.4650000e-01
  -1.5350000e-01
  -1.3950000e-01
  -1.2540000e-01
  -1.1130000e-01
  -8.5300000e-02
  -5.7900000e-02
  -3.0500000e-02
  -5.9000000e-03
  -5.9000000e-03
  -5.8000000e-03
  -5.8000000e-03
  -5.8000000e-03
   1.9000000e-03
   2.1300000e-02
   4.0700000e-02
   5.4200000e-02
   5.4200000e-02
   5.4200000e-02
   5.1400000e-02
   2.2300000e-02
  -6.7000000e-03
  -3.5700000e-02
  -6.4700000e-02
   9.7000000e-03
   8.4100000e-02
   1.5839000e-01
   1.3230000e-01
   8.1100000e-02
   2.9900000e-02
   6.3000000e-03
   1.1000000e-03
  -4.1000000e-03
  -1.9200000e-02
  -3.8700000e-02
  -5.8200000e-02
  -7.7600000e-02
  -7.9500000e-02
  -7.9500000e-02
  -7.3100000e-02
  -5.1700000e-02
  -3.0200000e-02
  -8.8000000e-03
  -1.8100000e-02
  -3.5100000e-02
  -5.2200000e-02
  -6.9200000e-02
  -8.0900000e-02
  -8.4700000e-02
  -8.8400000e-02
  -9.2100000e-02
  -8.8100000e-02
  -7.2300000e-02
  -5.6500000e-02
  -4.0700000e-02
  -2.2900000e-02
  -3.7000000e-03
   1.5500000e-02
   3.4600000e-02
   5.3800000e-02
   7.2900000e-02
   9.2100000e-02
   9.9700000e-02
   9.9800000e-02
   9.9800000e-02
   9.9800000e-02
   9.7500000e-02
   9.2800000e-02
   8.8100000e-02
   7.6500000e-02
   4.8900000e-02
   2.1200000e-02
  -6.4000000e-03
  -3.4100000e-02
  -1.9100000e-02
  -4.1000000e-03
   1.0900000e-02
   2.5900000e-02
   4.0900000e-02
   2.6900000e-02
